0.0 -2.39113 0.251004016064 0.0 0.0 0.0 0.0 0.0 0.0 0.0 0.0 0.0 0.0 0.0 0.0 0.0 0.0 0.0 
3.22344322344 -2.27819537729 0.276104417671 0.0 0.0 0.0 0.0 0.0 0.0 0.0 0.0 0.0 0.0 0.0 0.0 0.0 0.0 0.0 
6.44688644689 -2.16526075458 0.753012048193 0.0 0.0 0.0 0.0 0.0 0.0 0.0 0.0 0.0 0.0 0.0 0.0 0.0 0.0 0.0 
10.4761904762 -2.02409247619 0.426706827309 0.0502008032129 0.0251004016064 0.0251004016064 0.0 0.0 0.0 0.0 0.0 0.0 0.0 0.0 0.0 0.0 0.0 0.0 
13.6996336996 -1.91115785348 0.451807228916 0.0 0.0251004016064 0.0251004016064 0.0 0.0 0.0502008032129 0.0502008032129 0.0 0.0 0.0 0.0 0.0 0.0 0.0 0.0251004016064 
17.7289377289 -1.76998957509 2.13353413655 0.0502008032129 0.0251004016064 0.0753012048193 0.0 0.0 0.175702811245 0.175702811245 0.0 0.0 0.0 0.0 0.0 0.0502008032129 0.0 0.0753012048193 
20.9523809524 -1.65705495238 2.10843373494 0.125502008032 0.0502008032129 0.451807228916 0.0 0.0 0.527108433735 0.35140562249 0.0 0.0251004016064 0.0 0.0251004016064 0.0 0.0 0.0502008032129 0.200803212851 
24.1758241758 -1.54412032967 7.8062248996 0.527108433735 0.150602409639 0.853413654618 0.0 0.0 1.78212851406 1.35542168675 0.0251004016064 0.0251004016064 0.0 0.0 0.0 0.251004016064 0.0502008032129 0.828313253012 
28.2051282051 -1.40295205128 7.58032128514 0.803212851406 0.803212851406 3.26305220884 0.0502008032129 0.0 4.56827309237 3.890562249 0.35140562249 0.276104417671 0.0251004016064 0.100401606426 0.175702811245 0.627510040161 0.577309236948 2.3343373494 
31.4285714286 -1.29001742857 8.23293172691 2.45983935743 1.63152610442 5.97389558233 0.125502008032 0.0 7.65562248996 7.00301204819 0.878514056225 0.677710843373 0.0 0.326305220884 0.677710843373 1.83232931727 1.05421686747 4.04116465863 
35.4578754579 -1.14884915018 10.9939759036 4.39257028112 2.81124497992 10.843373494 0.401606425703 0.0 11.9477911647 11.4206827309 2.66064257028 2.08333333333 0.100401606426 1.38052208835 1.98293172691 4.09136546185 3.33835341365 6.6516064257 
38.6813186813 -1.03591452747 12.3242971888 6.14959839357 5.59738955823 12.2991967871 1.1546184739 0.0 12.4497991968 12.4246987952 5.39658634538 4.19176706827 0.376506024096 2.56024096386 4.2921686747 7.17871485944 5.94879518072 10.6927710843 
41.9047619048 -0.922979904762 12.4497991968 9.11144578313 9.68875502008 12.4497991968 2.03313253012 0.150602409639 12.4497991968 12.4497991968 8.33333333333 7.65562248996 0.878514056225 5.44678714859 7.20381526104 11.1194779116 8.45883534137 12.3995983936 
45.9340659341 -0.781811626374 12.4497991968 12.1987951807 12.3995983936 12.4497991968 5.27108433735 0.301204819277 12.4497991968 12.4497991968 12.1987951807 11.7218875502 2.83634538153 10.2911646586 11.0692771084 12.4497991968 11.7218875502 12.4497991968 
49.1575091575 -0.668877003663 12.4497991968 12.4497991968 12.4497991968 12.4497991968 9.7640562249 0.753012048193 12.4497991968 12.4497991968 12.4497991968 12.4497991968 4.84437751004 12.4246987952 12.374497992 12.4497991968 12.4497991968 12.4497991968 
53.1868131868 -0.527708725275 12.4497991968 12.4497991968 12.4497991968 12.4497991968 12.374497992 2.359437751 12.4497991968 12.4497991968 12.4497991968 12.4497991968 9.13654618474 12.4497991968 12.4497991968 12.4497991968 12.4497991968 12.4497991968 
56.4102564103 -0.414774102564 12.4497991968 12.4497991968 12.4497991968 12.4497991968 12.4497991968 4.64357429719 12.4497991968 12.4497991968 12.4497991968 12.4497991968 12.1987951807 12.4497991968 12.4497991968 12.4497991968 12.4497991968 12.4497991968 
59.6336996337 -0.301839479853 12.4497991968 12.4497991968 12.4497991968 12.4497991968 12.4497991968 8.88554216867 12.4497991968 12.4497991968 12.4497991968 12.4497991968 12.4497991968 12.4497991968 12.4497991968 12.4497991968 12.4497991968 12.4497991968 
63.663003663 -0.160671201465 12.4497991968 12.4497991968 12.4497991968 12.4497991968 12.4497991968 12.4246987952 12.4497991968 12.4497991968 12.4497991968 12.4497991968 12.4497991968 12.4497991968 12.4497991968 12.4497991968 12.4497991968 12.4497991968 
66.8864468864 -0.0477365787546 12.4497991968 12.4497991968 12.4497991968 12.4497991968 12.4497991968 12.4497991968 12.4497991968 12.4497991968 12.4497991968 12.4497991968 12.4497991968 12.4497991968 12.4497991968 12.4497991968 12.4497991968 12.4497991968 
70.9157509158 0.0934316996337 12.4497991968 12.4497991968 12.4497991968 12.4497991968 12.4497991968 12.4497991968 12.4497991968 12.4497991968 12.4497991968 12.4497991968 12.4497991968 12.4497991968 12.4497991968 12.4497991968 12.4497991968 12.4497991968 
74.1391941392 0.206366322344 12.4497991968 12.4497991968 12.4497991968 12.4497991968 12.4497991968 12.4497991968 12.4497991968 12.4497991968 12.4497991968 12.4497991968 12.4497991968 12.4497991968 12.4497991968 12.4497991968 12.4497991968 12.4497991968 
77.3626373626 0.319300945055 12.4497991968 12.4497991968 12.4497991968 12.4497991968 12.4497991968 12.4497991968 12.4497991968 12.4497991968 12.4497991968 12.4497991968 12.4497991968 12.4497991968 12.4497991968 12.4497991968 12.4497991968 12.4497991968 
81.3919413919 0.460469223443 12.4497991968 12.4497991968 12.4497991968 12.4497991968 12.4497991968 12.4497991968 12.4497991968 12.4497991968 12.4497991968 12.4497991968 12.4497991968 12.4497991968 12.4497991968 12.4497991968 12.4497991968 12.4497991968 
84.6153846154 0.573403846154 12.4497991968 12.4497991968 12.4497991968 12.4497991968 12.4497991968 12.4497991968 12.4497991968 12.4497991968 12.4497991968 12.4497991968 12.4497991968 12.4497991968 12.4497991968 12.4497991968 12.4497991968 12.4497991968 
88.6446886447 0.714572124542 12.4497991968 12.4497991968 12.4497991968 12.4497991968 12.4497991968 12.4497991968 12.4497991968 12.4497991968 12.4497991968 12.4497991968 12.4497991968 12.4497991968 12.4497991968 12.4497991968 12.4497991968 12.4497991968 
91.8681318681 0.827506747253 12.4497991968 12.4497991968 12.4497991968 12.4497991968 12.4497991968 12.4497991968 12.4497991968 12.4497991968 12.4497991968 12.4497991968 12.4497991968 12.4497991968 12.4497991968 12.4497991968 12.4497991968 12.4497991968 
95.0915750916 0.940441369963 12.4497991968 12.4497991968 12.4497991968 12.4497991968 12.4497991968 12.4497991968 12.4497991968 12.4497991968 12.4497991968 12.4497991968 12.4497991968 12.4497991968 12.4497991968 12.4497991968 12.4497991968 12.4497991968 
99.1208791209 1.08160964835 12.4497991968 12.4497991968 12.4497991968 12.4497991968 12.4497991968 12.4497991968 12.4497991968 12.4497991968 12.4497991968 12.4497991968 12.4497991968 12.4497991968 12.4497991968 12.4497991968 12.4497991968 12.4497991968 
102.344322344 1.19454427106 12.4497991968 12.4497991968 12.4497991968 12.4497991968 12.4497991968 12.4497991968 12.4497991968 12.4497991968 12.4497991968 12.4497991968 12.4497991968 12.4497991968 12.4497991968 12.4497991968 12.4497991968 12.4497991968 
106.373626374 1.33571254945 12.4497991968 12.4497991968 12.4497991968 12.4497991968 12.4497991968 12.4497991968 12.4497991968 12.4497991968 12.4497991968 12.4497991968 12.4497991968 12.4497991968 12.4497991968 12.4497991968 12.4497991968 12.4497991968 
109.597069597 1.44864717216 12.4497991968 12.4497991968 12.4497991968 12.4497991968 12.4497991968 12.4497991968 12.4497991968 12.4497991968 12.4497991968 12.4497991968 12.4497991968 12.4497991968 12.4497991968 12.4497991968 12.4497991968 12.4497991968 
112.820512821 1.56158179487 12.4497991968 12.4497991968 12.4497991968 12.4497991968 12.4497991968 12.4497991968 12.3995983936 12.4497991968 12.4497991968 12.4497991968 12.4497991968 12.4497991968 12.4497991968 12.4497991968 12.4497991968 12.4497991968 
116.84981685 1.70275007326 12.4497991968 12.4497991968 12.4497991968 10.9939759036 12.4497991968 12.4497991968 10.3915662651 11.9226907631 12.4497991968 12.4497991968 12.4497991968 12.4497991968 12.4497991968 12.4497991968 12.4497991968 12.4497991968 
120.073260073 1.81568469597 12.4497991968 12.4497991968 12.4497991968 8.53413654618 12.4497991968 12.4497991968 6.85240963855 9.13654618474 12.4497991968 12.4497991968 12.4497991968 12.4497991968 12.4497991968 12.4497991968 12.4497991968 12.4497991968 
124.102564103 1.95685297436 12.4497991968 12.4497991968 12.0481927711 4.74397590361 12.4497991968 12.4497991968 3.79016064257 5.49698795181 11.9979919679 12.4497991968 12.4497991968 12.4497991968 12.4497991968 11.9226907631 12.4497991968 12.4497991968 
127.326007326 2.06978759707 12.4497991968 12.0732931727 9.41265060241 2.28413654618 12.4497991968 12.4497991968 1.70682730924 2.88654618474 9.73895582329 10.5923694779 12.4497991968 12.4246987952 12.4246987952 9.28714859438 12.4497991968 11.9226907631 
130.549450549 2.18272221978 12.4497991968 9.53815261044 6.60140562249 1.30522088353 12.2991967871 12.4497991968 0.677710843373 1.22991967871 6.72690763052 7.68072289157 12.4497991968 11.3202811245 11.1947791165 6.14959839357 12.4246987952 9.98995983936 
134.578754579 2.32389049817 12.4497991968 6.25 3.31325301205 0.652610441767 9.23694779116 12.4497991968 0.225903614458 0.778112449799 4.01606425703 4.81927710843 12.4246987952 7.70582329317 8.38353413655 3.41365461847 10.6425702811 6.87751004016 
137.802197802 2.43682512088 12.4497991968 4.16666666667 2.25903614458 0.175702811245 6.85240963855 12.4497991968 0.125502008032 0.326305220884 1.35542168675 2.53514056225 11.4708835341 5.69779116466 5.39658634538 2.08333333333 7.63052208835 5.34638554217 
141.831501832 2.57799339927 12.3493975904 2.03313253012 0.727911646586 0.0502008032129 3.06224899598 11.6214859438 0.0251004016064 0.100401606426 0.778112449799 1.40562248996 7.8062248996 2.51004016064 3.16265060241 1.02911646586 4.46787148594 3.36345381526 
145.054945055 2.69092802198 12.0230923695 1.70682730924 0.251004016064 0.0502008032129 2.08333333333 9.11144578313 0.0251004016064 0.0502008032129 0.376506024096 0.527108433735 5.37148594378 0.978915662651 1.48092369478 0.552208835341 3.890562249 1.5813253012 
148.278388278 2.80386264469 11.6465863454 0.753012048193 0.175702811245 0.0251004016064 0.502008032129 5.79819277108 0.0 0.0 0.150602409639 0.175702811245 2.86144578313 0.652610441767 0.828313253012 0.0502008032129 1.93273092369 0.803212851406 
152.307692308 2.94503092308 8.91064257028 0.301204819277 0.0251004016064 0.0 0.175702811245 2.86144578313 0.0 0.0 0.0 0.0 1.50602409639 0.125502008032 0.251004016064 0.0251004016064 0.828313253012 0.602409638554 
155.531135531 3.05796554579 8.38353413655 0.200803212851 0.0251004016064 0.0251004016064 0.0502008032129 1.63152610442 0.0 0.0 0.0251004016064 0.0251004016064 0.627510040161 0.0251004016064 0.175702811245 0.0251004016064 0.35140562249 0.200803212851 
159.56043956 3.19913382418 6.75200803213 0.251004016064 0.0 0.0 0.0753012048193 0.602409638554 0.0 0.0 0.0 0.0 0.125502008032 0.0 0.100401606426 0.0 0.125502008032 0.0502008032129 
162.783882784 3.31206844689 3.99096385542 0.100401606426 0.0 0.0 0.0251004016064 0.301204819277 0.0 0.0 0.0 0.0251004016064 0.0502008032129 0.0 0.0251004016064 0.0 0.0 0.0 
166.007326007 3.4250030696 4.89457831325 0.125502008032 0.0502008032129 0.0 0.0 0.200803212851 0.0 0.0 0.0 0.0 0.0251004016064 0.0 0.0 0.0 0.0 0.0 
170.036630037 3.56617134799 4.09136546185 0.0753012048193 0.0 0.0 0.0 0.0251004016064 0.0 0.0 0.0 0.0 0.0 0.0 0.0 0.0 0.0 0.0 
173.26007326 3.6791059707 3.5140562249 0.0502008032129 0.0 0.0 0.0 0.0 0.0 0.0 0.0 0.0 0.0 0.0 0.0 0.0 0.0 0.0 
