0.0 -2.39113 0.0 0.0 0.0 0.0 0.0 0.0 0.0 0.0 0.0 0.0 0.0 0.0 0.0 0.0 0.0 0.0 
3.22344322344 -2.27819537729 0.0 0.0 0.0 0.0 0.0 0.0 0.0 0.0 0.0 0.0 0.0 0.0 0.0 0.0 0.0 0.0 
6.44688644689 -2.16526075458 0.0 0.0 0.0 0.0 0.0 0.0 0.0 0.0 0.0 0.0 0.0 0.0 0.0 0.0 0.0 0.0 
10.4761904762 -2.02409247619 0.0 0.0 0.0 0.0 0.0 0.0 0.0 0.0 0.0 0.0 0.0 0.0 0.0 0.0 0.0 0.0 
13.6996336996 -1.91115785348 0.0 0.0 0.0 0.0 0.0 0.0251004016064 0.0 0.0 0.0 0.0 0.0 0.0 0.0 0.0 0.0 0.0 
17.7289377289 -1.76998957509 0.0 0.0 0.0 0.0 0.0 0.200803212851 0.0 0.100401606426 0.0 0.0 0.0 0.0 0.0 0.0 0.0 0.0 
20.9523809524 -1.65705495238 0.0 0.0 0.0 0.0 0.0 0.928714859438 0.0 0.200803212851 0.0 0.0 0.0 0.0 0.0 0.0 0.0 0.0 
24.1758241758 -1.54412032967 0.0 0.0753012048193 0.0502008032129 0.0 0.125502008032 2.25903614458 0.0 0.803212851406 0.0 0.0 0.0 0.0 0.0 0.0 0.0251004016064 0.0 
28.2051282051 -1.40295205128 0.0 0.150602409639 0.276104417671 0.0 0.552208835341 5.29618473896 0.0 2.68574297189 0.0 0.0251004016064 0.0 0.150602409639 0.0251004016064 0.0251004016064 0.225903614458 0.0 
31.4285714286 -1.29001742857 0.0 0.35140562249 0.903614457831 0.0 1.78212851406 8.96084337349 0.0 5.22088353414 0.0251004016064 0.0251004016064 0.0 0.451807228916 0.0 0.803212851406 0.602409638554 0.0 
35.4578754579 -1.14884915018 0.0 1.5562248996 2.83634538153 0.200803212851 4.2921686747 12.2991967871 0.0 9.78915662651 0.0753012048193 0.577309236948 0.0251004016064 1.40562248996 0.0753012048193 1.85742971888 2.28413654618 0.0753012048193 
38.6813186813 -1.03591452747 0.150602409639 4.19176706827 5.49698795181 0.577309236948 8.78514056225 12.4497991968 0.0 12.2489959839 0.376506024096 1.28012048193 0.125502008032 2.76104417671 0.451807228916 4.59337349398 4.79417670683 0.150602409639 
41.9047619048 -0.922979904762 0.602409638554 8.48393574297 9.86445783133 1.35542168675 11.8222891566 12.4497991968 0.0 12.4497991968 0.953815261044 2.30923694779 0.301204819277 6.47590361446 0.652610441767 8.00702811245 8.81024096386 0.803212851406 
45.9340659341 -0.781811626374 1.78212851406 12.1987951807 12.4497991968 3.71485943775 12.4497991968 12.4497991968 0.125502008032 12.4497991968 2.45983935743 5.89859437751 1.48092369478 11.1194779116 2.7359437751 12.3493975904 12.3493975904 2.76104417671 
49.1575091575 -0.668877003663 3.890562249 12.4497991968 12.4497991968 7.27911646586 12.4497991968 12.4497991968 0.527108433735 12.4497991968 5.34638554217 9.93975903614 2.76104417671 12.3995983936 6.22489959839 12.4497991968 12.4497991968 5.24598393574 
53.1868131868 -0.527708725275 8.81024096386 12.4497991968 12.4497991968 11.7218875502 12.4497991968 12.4497991968 2.10843373494 12.4497991968 10.2158634538 12.3995983936 7.05321285141 12.4497991968 10.9437751004 12.4497991968 12.4497991968 10.5923694779 
56.4102564103 -0.414774102564 12.1485943775 12.4497991968 12.4497991968 12.4497991968 12.4497991968 12.4497991968 3.94076305221 12.4497991968 12.4246987952 12.4497991968 11.1696787149 12.4497991968 12.4497991968 12.4497991968 12.4497991968 12.4497991968 
59.6336996337 -0.301839479853 12.4497991968 12.4497991968 12.4497991968 12.4497991968 12.4497991968 12.4497991968 7.78112449799 12.4497991968 12.4497991968 12.4497991968 12.4497991968 12.4497991968 12.4497991968 12.4497991968 12.4497991968 12.4497991968 
63.663003663 -0.160671201465 12.4497991968 12.4497991968 12.4497991968 12.4497991968 12.4497991968 12.4497991968 12.0983935743 12.4497991968 12.4497991968 12.4497991968 12.4497991968 12.4497991968 12.4497991968 12.4497991968 12.4497991968 12.4497991968 
66.8864468864 -0.0477365787546 12.4497991968 12.4497991968 12.4497991968 12.4497991968 12.4497991968 12.4497991968 12.4246987952 12.4497991968 12.4497991968 12.4497991968 12.4497991968 12.4497991968 12.4497991968 12.4497991968 12.4497991968 12.4497991968 
70.9157509158 0.0934316996337 12.4497991968 12.4497991968 12.4497991968 12.4497991968 12.4497991968 12.4497991968 12.4497991968 12.4497991968 12.4497991968 12.4497991968 12.4497991968 12.4497991968 12.4497991968 12.4497991968 12.4497991968 12.4497991968 
74.1391941392 0.206366322344 12.4497991968 12.4497991968 12.4497991968 12.4497991968 12.4497991968 12.4497991968 12.4497991968 12.4497991968 12.4497991968 12.4497991968 12.4497991968 12.4497991968 12.4497991968 12.4497991968 12.4497991968 12.4497991968 
77.3626373626 0.319300945055 12.4497991968 12.4497991968 12.4497991968 12.4497991968 12.4497991968 12.4497991968 12.4497991968 12.4497991968 12.4497991968 12.4497991968 12.4497991968 12.4497991968 12.4497991968 12.4497991968 12.4497991968 12.4497991968 
81.3919413919 0.460469223443 12.4497991968 12.4497991968 12.4497991968 12.4497991968 12.4497991968 12.4497991968 12.4497991968 12.4497991968 12.4497991968 12.4497991968 12.4497991968 12.4497991968 12.4497991968 12.4497991968 12.4497991968 12.4497991968 
84.6153846154 0.573403846154 12.4497991968 12.4497991968 12.4497991968 12.4497991968 12.4497991968 12.4497991968 12.4497991968 12.4497991968 12.4497991968 12.4497991968 12.4497991968 12.4497991968 12.4497991968 12.4497991968 12.4497991968 12.4497991968 
88.6446886447 0.714572124542 12.4497991968 12.4497991968 12.4497991968 12.4497991968 12.4497991968 12.4497991968 12.4497991968 12.4497991968 12.4497991968 12.4497991968 12.4497991968 12.4497991968 12.4497991968 12.4497991968 12.4497991968 12.4497991968 
91.8681318681 0.827506747253 12.4497991968 12.4497991968 12.4497991968 12.4497991968 12.4497991968 12.4497991968 12.4497991968 12.4497991968 12.4497991968 12.4497991968 12.4497991968 12.4497991968 12.4497991968 12.4497991968 12.4497991968 12.4497991968 
95.0915750916 0.940441369963 12.4497991968 12.4497991968 12.4497991968 12.4497991968 12.4497991968 12.4497991968 12.4497991968 12.4497991968 12.4497991968 12.4497991968 12.4497991968 12.4497991968 12.4497991968 12.4497991968 12.4497991968 12.4497991968 
99.1208791209 1.08160964835 12.4497991968 12.4497991968 12.4497991968 12.4497991968 12.4497991968 12.4497991968 12.4497991968 12.4497991968 12.4497991968 12.4497991968 12.4497991968 12.4497991968 12.4497991968 12.4497991968 12.4497991968 12.4497991968 
102.344322344 1.19454427106 12.4497991968 12.4497991968 12.4497991968 12.4497991968 12.4497991968 12.4497991968 12.4497991968 12.4497991968 12.4497991968 12.4497991968 12.4497991968 12.4497991968 12.4497991968 12.4497991968 12.4497991968 12.4497991968 
106.373626374 1.33571254945 12.4497991968 12.4497991968 12.4497991968 12.4497991968 12.4497991968 12.4497991968 12.4497991968 12.4497991968 12.4497991968 12.4497991968 12.4497991968 12.4497991968 12.4497991968 12.4497991968 12.4497991968 12.4497991968 
109.597069597 1.44864717216 12.4497991968 12.4497991968 12.4497991968 12.4497991968 12.4497991968 12.4497991968 12.4497991968 12.4497991968 12.4497991968 12.4497991968 12.4497991968 12.4497991968 12.4497991968 12.4497991968 12.4497991968 12.4497991968 
112.820512821 1.56158179487 12.4497991968 12.4497991968 12.4497991968 12.4497991968 12.4497991968 12.4497991968 12.4497991968 12.4497991968 12.4497991968 12.4497991968 12.4497991968 12.4497991968 12.4497991968 12.4497991968 12.4497991968 12.4497991968 
116.84981685 1.70275007326 12.4497991968 12.4497991968 12.4497991968 12.4497991968 12.4497991968 10.4417670683 12.4497991968 12.4246987952 12.4497991968 12.4497991968 12.4497991968 12.4497991968 12.4497991968 12.4497991968 12.4497991968 12.4497991968 
120.073260073 1.81568469597 12.4497991968 12.4497991968 12.2991967871 12.4497991968 11.9979919679 6.85240963855 12.4497991968 11.1947791165 12.4497991968 12.4497991968 12.4497991968 12.4497991968 12.4497991968 12.4497991968 12.4497991968 12.4497991968 
124.102564103 1.95685297436 12.4497991968 11.1194779116 9.13654618474 12.4497991968 8.18273092369 4.36746987952 12.4497991968 7.25401606426 12.4497991968 12.4497991968 12.4497991968 12.4497991968 12.4497991968 11.9477911647 10.5170682731 12.4497991968 
127.326007326 2.06978759707 12.4497991968 7.45481927711 4.99497991968 12.4497991968 4.21686746988 2.03313253012 12.4497991968 4.44277108434 12.4497991968 12.4497991968 12.4497991968 12.1234939759 12.4497991968 8.18273092369 7.25401606426 12.4497991968 
130.549450549 2.18272221978 12.4497991968 4.2921686747 2.63554216867 12.3242971888 2.88654618474 0.70281124498 12.4497991968 2.10843373494 12.4497991968 12.3995983936 12.4497991968 10.4417670683 12.4497991968 5.52208835341 4.31726907631 12.4497991968 
134.578754579 2.32389049817 11.0441767068 2.10843373494 0.778112449799 10.4166666667 0.828313253012 0.200803212851 12.4497991968 1.07931726908 11.0692771084 8.81024096386 12.3995983936 5.22088353414 10.6676706827 2.43473895582 1.80722891566 9.68875502008 
137.802197802 2.43682512088 7.4046184739 0.953815261044 0.150602409639 6.32530120482 0.276104417671 0.0753012048193 12.4497991968 0.225903614458 8.65963855422 6.90261044177 10.8684738956 3.48895582329 6.95281124498 1.1546184739 0.803212851406 5.8483935743 
141.831501832 2.57799339927 3.26305220884 0.150602409639 0.0251004016064 3.23795180723 0.0 0.0502008032129 10.4417670683 0.0251004016064 4.46787148594 3.1375502008 6.70180722892 1.28012048193 3.21285140562 0.301204819277 0.401606425703 3.33835341365 
145.054945055 2.69092802198 1.53112449799 0.0251004016064 0.0502008032129 1.90763052209 0.0 0.0251004016064 7.32931726908 0.0753012048193 2.30923694779 2.20883534137 3.66465863454 0.451807228916 1.68172690763 0.0753012048193 0.0251004016064 1.20481927711 
148.278388278 2.80386264469 0.527108433735 0.0 0.0 0.878514056225 0.0251004016064 0.0 4.04116465863 0.0 1.28012048193 1.33032128514 1.83232931727 0.0502008032129 0.627510040161 0.0 0.0 0.627510040161 
152.307692308 2.94503092308 0.200803212851 0.0 0.0251004016064 0.276104417671 0.0 0.0 1.70682730924 0.0 0.376506024096 0.301204819277 0.878514056225 0.150602409639 0.200803212851 0.0 0.0251004016064 0.225903614458 
155.531135531 3.05796554579 0.0502008032129 0.0 0.0 0.0502008032129 0.0 0.0 0.978915662651 0.0 0.100401606426 0.225903614458 0.276104417671 0.0 0.0502008032129 0.0 0.0 0.0502008032129 
159.56043956 3.19913382418 0.0753012048193 0.0 0.0 0.0251004016064 0.0 0.0 0.125502008032 0.0 0.0502008032129 0.0251004016064 0.0502008032129 0.0 0.0 0.0 0.0 0.0251004016064 
162.783882784 3.31206844689 0.0251004016064 0.0 0.0 0.0 0.0 0.0 0.0502008032129 0.0 0.0 0.0251004016064 0.0753012048193 0.0 0.0 0.0 0.0 0.0 
166.007326007 3.4250030696 0.0 0.0 0.0 0.0 0.0 0.0 0.0251004016064 0.0 0.0 0.0 0.0 0.0 0.0 0.0 0.0 0.0 
170.036630037 3.56617134799 0.0 0.0 0.0 0.0 0.0 0.0 0.0 0.0 0.0 0.0 0.0 0.0 0.0 0.0 0.0 0.0 
173.26007326 3.6791059707 0.0 0.0 0.0 0.0 0.0 0.0 0.0 0.0 0.0 0.0 0.0 0.0 0.0 0.0 0.0 0.0 
